65 104
WDC 97.83 97.63 96.95 97.64 97.7 97.87 101.28 100.0 100.75 98.37 95.19 95.79 93.08 92.95 91.68 90.59 89.27 90.68 87.83 86.84 85.58 85.1 85.87 86.47 90.46 93.39 95.66 93.31 94.7 95.4 95.11 94.58 97.32 96.25 97.29 96.19 98.35 97.02 98.2 98.52 99.58 97.82 98.1 97.55 99.89 100.06 99.89 99.85 100.44 100.92 100.95 101.74 102.0 103.01 102.07 102.71 101.95 101.91 101.0 100.7 100.24 100.01 100.84 100.62 100.36
NFLX 379.41 383.86 382.55 387.27 384.16 383.3 380.38 382.78 388.41 392.77 379.01 378.1 386.22 379.4 385.02 383.04 374.65 365.99 359.22 357.09 361.7 448.59 449.12 438.58 452.08 461.62 466.86 456.25 463.48 459.54 449.98 438.8 451.18 449.56 448.75 443.49 450.56 443.9 442.78 457.52 459.01 454.53 456.91 457.75 476.55 481.56 484.39 479.01 479.33 475.68 472.67 477.39 476.6 477.64 475.21 474.7 479.36 480.93 479.19 472.05 472.19 468.15 466.0 459.09 450.87
GOOGL 556.44 558.25 561.29 558.23 551.82 551.69 555.95 564.19 563.77 567.87 560.27 558.45 558.94 549.88 548.9 553.65 542.69 538.03 532.38 522.97 536.92 540.73 548.69 544.75 555.19 570.81 583.74 574.1 587.78 586.25 580.88 579.63 588.41 587.81 587.9 585.25 598.42 591.18 597.27 605.4 597.27 593.29 588.78 581.64 584.9 591.11 593.42 591.97 601.63 597.78 593.14 589.52 588.63 582.36 580.32 583.0 588.12 590.57 592.54 592.42 595.41 597.11 592.7 583.71 584.65
AAPL 112.82 111.25 109.7 108.83 109.01 108.7 108.86 108.6 109.4 108.0 106.98 107.34 106.74 105.11 105.22 104.83 102.99 102.47 99.76 97.67 96.26 97.54 98.75 99.81 100.73 101.02 100.8 98.75 99.62 99.62 99.9 99.18 100.75 100.11 100.75 97.87 101.75 102.64 101.06 100.96 101.79 101.58 100.86 101.63 101.66 101.43 101.0 97.99 98.36 98.97 98.12 98.94 103.3 102.5 102.25 102.13 100.89 101.54 101.32 100.58 100.57 100.53 99.16 97.98 97.5
SRCL 127.94 127.69 127.63 127.74 127.54 127.59 126.53 125.88 126.53 126.0 123.73 122.78 124.05 123.14 123.05 123.8 122.59 122.39 118.96 118.33 117.12 116.15 117.58 116.99 116.89 117.89 118.7 116.91 117.94 117.25 116.68 116.37 116.56 116.19 115.44 115.31 115.74 115.55 116.5 117.21 116.94 116.89 117.24 117.29 117.11 117.49 117.9 117.5 118.46 118.31 117.82 117.82 119.41 118.85 118.8 118.79 119.06 119.02 119.44 119.98 119.77 119.41 119.0 118.62 118.87
CTRX 48.23 48.42 48.07 48.02 47.81 48.19 47.8 47.29 47.41 47.67 47.54 42.12 42.72 42.45 42.8 41.74 41.24 41.68 40.32 39.97 40.01 40.13 40.68 41.05 40.97 41.44 42.56 41.63 42.05 42.52 42.36 41.87 42.15 42.68 43.34 43.17 43.62 43.95 44.66 45.81 46.69 46.63 47.51 47.45 47.93 47.88 48.17 48.5 48.92 48.66 47.57 47.99 47.47 47.12 47.03 47.23 47.47 47.1 47.05 47.25 47.28 46.82 46.35 45.8 45.59
SBAC 112.52 113.2 112.42 113.28 114.62 111.65 110.41 110.69 112.33 112.33 114.4 112.46 113.06 112.31 111.57 110.6 109.98 110.81 108.99 108.3 106.6 106.85 106.39 106.27 107.82 109.89 111.28 110.48 111.93 111.47 109.38 109.45 110.9 110.74 111.61 109.28 110.72 109.69 109.66 112.13 112.85 113.24 113.16 111.35 112.23 113.65 112.83 112.7 113.56 112.96 111.51 111.0 110.47 110.29 110.67 110.61 110.11 110.04 108.59 109.34 109.26 108.02 109.29 108.57 109.12
XLNX 42.83 43.36 43.4 43.67 43.61 44.0 44.19 43.77 44.22 44.48 43.22 43.6 43.29 43.12 43.2 42.54 41.72 43.21 41.66 41.05 38.49 37.58 36.9 36.27 36.83 40.19 41.49 40.56 41.17 41.13 41.42 41.81 42.35 42.99 43.17 42.78 43.82 43.23 43.59 44.09 44.47 43.92 43.23 41.97 42.45 42.72 42.69 42.64 42.88 43.06 43.39 43.05 42.0 42.25 41.76 41.71 41.78 41.8 42.39 42.67 42.62 42.5 41.95 42.13 41.69
NXPI 72.58 73.4 73.84 74.39 73.54 73.47 73.36 69.67 69.25 68.66 65.41 67.05 67.57 65.76 65.53 64.18 64.13 64.64 61.5 60.42 61.06 58.61 56.58 53.9 56.34 64.34 66.16 65.2 66.21 67.37 66.31 66.01 68.43 70.28 71.09 69.81 72.21 72.0 70.8 71.99 73.01 70.73 70.26 68.56 69.98 71.34 70.63 70.02 71.19 70.99 69.43 69.25 69.07 68.52 66.96 65.54 64.74 65.54 65.43 64.03 64.2 63.26 63.23 63.89 63.72
LMCK 35.2 35.12 35.27 35.19 35.68 35.92 35.25 48.15 48.27 47.93 46.81 46.5 46.52 46.02 45.83 45.58 44.66 45.87 43.97 43.32 42.21 42.3 42.52 42.26 43.54 44.8 46.16 45.64 46.09 46.59 45.81 45.81 46.99 46.7 47.36 46.7 47.06 46.88 47.41 49.05 49.12 49.19 48.85 48.67 48.79 49.02 49.07 48.44 48.6 48.7 48.41 48.7 48.71 48.47 48.49 48.34 48.1 48.49 48.66 48.98 48.94 48.62 48.8 48.89 48.32
LMCA 35.87 35.7 35.88 35.82 36.37 36.24 35.84 48.49 48.41 48.02 47.02 46.8 46.84 46.53 46.46 46.09 45.02 46.17 44.38 43.85 42.59 42.86 42.99 42.71 43.89 45.23 46.49 45.91 46.45 46.8 46.01 45.82 47.18 47.06 47.56 46.83 47.24 47.21 47.42 48.82 48.98 49.06 48.86 48.69 48.79 48.99 49.21 48.9 49.24 49.03 49.27 49.51 49.41 49.23 49.06 48.89 48.59 48.88 49.06 49.33 49.19 48.84 49.11 49.07 48.54
VRTX 112.72 116.68 117.49 116.94 115.93 117.29 111.59 114.1 112.98 112.64 110.85 109.91 114.07 111.59 109.91 108.09 106.17 108.16 104.77 102.35 101.26 101.1 104.26 105.91 104.73 105.27 107.02 102.83 105.76 108.59 104.8 107.25 112.31 113.9 113.6 110.28 111.98 104.84 104.71 103.75 97.35 94.5 93.86 92.13 92.99 94.25 94.74 93.12 94.49 95.04 91.55 92.82 92.96 93.57 92.8 93.03 93.64 91.76 90.22 88.99 91.3 91.92 91.3 90.88 90.37
SPLS 13.4 13.37 13.04 13.16 12.93 12.91 12.96 12.91 12.85 12.68 12.56 12.36 12.36 12.46 12.51 12.52 12.43 12.46 12.3 11.92 11.99 12.14 12.25 12.11 11.95 11.74 11.76 11.49 11.8 11.96 11.92 11.86 12.1 12.15 12.48 12.59 12.82 12.81 12.83 13.05 13.04 13.04 13.03 12.9 12.95 12.51 12.45 12.44 12.62 12.86 12.74 12.93 12.63 11.68 11.66 11.49 11.06 10.99 10.95 10.97 11.32 11.62 11.53 11.49 11.58
MYL 54.73 53.8 53.51 53.95 53.11 53.5 53.47 53.75 53.59 53.55 52.37 50.85 51.71 50.95 51.22 50.43 50.36 52.05 50.31 49.46 48.77 47.38 46.82 47.64 49.35 50.12 51.23 50.14 50.98 50.23 46.5 45.27 45.49 45.79 46.29 45.95 46.44 46.61 46.53 47.36 48.43 48.0 47.96 46.75 47.06 47.79 47.44 47.47 47.96 46.98 46.94 47.81 48.68 48.6 48.13 48.08 48.3 48.51 48.21 47.75 48.59 47.04 46.48 46.45 46.15
SIAL 135.53 135.64 135.89 135.81 135.34 135.34 135.29 135.14 135.41 135.91 135.58 134.91 135.36 134.9 135.07 135.38 135.85 135.6 134.99 134.03 134.4 135.15 135.76 135.26 135.49 135.6 135.8 135.75 135.72 136.08 135.45 135.87 136.01 136.28 136.77 135.46 135.77 135.77 136.4 102.37 103.3 103.24 102.8 102.35 102.04 102.6 103.1 102.79 103.74 103.87 103.24 103.71 103.99 104.0 103.74 103.28 103.87 103.97 103.54 103.87 103.87 104.14 103.46 102.68 102.56
HSIC 130.28 129.68 129.47 129.62 128.84 130.31 122.21 120.84 119.71 120.03 120.21 119.07 118.73 117.89 117.82 116.57 115.63 116.31 113.62 113.26 110.96 111.56 112.72 111.83 112.9 113.7 115.2 114.42 115.61 115.88 114.7 115.13 116.47 117.22 117.13 116.66 118.35 117.17 117.27 117.05 117.45 117.13 116.7 116.02 116.76 117.86 118.33 118.63 119.37 119.2 118.72 119.54 119.8 119.69 119.45 119.63 119.9 120.07 119.25 119.63 119.29 119.46 118.89 117.97 118.47
CTSH 53.39 53.24 53.15 53.65 53.62 52.64 52.4 48.49 48.89 48.85 47.98 46.72 46.93 45.52 45.1 44.52 44.14 44.63 43.57 44.2 44.12 44.38 44.65 43.93 43.31 44.12 45.03 43.9 44.25 44.38 43.9 44.37 44.77 44.37 44.75 44.07 45.2 44.51 44.6 45.0 45.31 44.78 44.98 44.31 44.76 45.04 45.39 45.29 45.73 46.21 46.05 45.92 45.88 45.73 45.47 46.13 45.74 45.63 46.06 46.01 46.01 46.22 45.27 44.76 44.82
AMZN 316.48 311.51 312.01 305.11 299.86 296.64 296.52 302.81 305.72 305.46 299.07 294.12 295.59 289.97 287.06 313.18 312.97 315.33 306.21 303.64 302.86 305.97 308.31 306.45 311.39 315.37 322.7 316.98 322.2 322.74 318.41 317.46 322.44 321.82 323.21 321.93 328.21 323.63 324.5 331.32 325.0 324.0 327.76 323.89 331.19 330.52 331.33 329.75 342.34 346.38 345.95 339.0 342.38 339.04 340.02 343.18 341.83 334.02 331.59 332.91 335.78 335.13 334.53 333.63 333.21
MAR 78.09 77.3 77.14 76.56 75.5 75.25 74.9 74.57 75.8 75.75 76.0 74.03 71.95 70.26 69.29 68.43 68.42 68.42 67.02 65.01 62.79 62.2 62.55 61.71 63.55 64.58 66.17 66.0 67.33 68.1 66.8 67.94 69.9 70.44 70.72 70.52 71.39 70.92 71.61 72.19 72.45 71.73 71.14 70.71 70.62 71.4 70.79 70.78 71.07 70.83 70.52 70.0 69.43 69.4 68.99 68.88 68.99 68.76 68.45 68.44 68.54 68.13 67.66 67.37 67.26
MAT 31.17 31.31 30.76 31.5 31.67 31.49 31.3 31.15 31.13 31.07 30.81 30.88 30.95 30.65 30.31 30.24 29.98 29.53 29.47 28.78 29.62 30.54 30.66 30.2 30.73 30.62 31.55 31.45 31.86 31.78 31.11 30.46 30.65 30.48 30.81 31.2 31.67 32.07 32.83 33.88 34.04 34.16 34.08 34.32 34.34 34.59 34.41 34.32 34.84 35.1 34.93 34.51 34.58 34.49 34.7 34.84 34.66 34.87 34.99 35.28 34.9 35.24 35.31 35.08 35.17
VRSK 63.16 63.12 63.01 63.99 64.25 63.9 62.83 62.0 62.0 62.35 61.86 61.53 63.14 62.46 61.87 61.17 60.69 61.09 59.95 59.46 59.24 59.17 59.63 59.11 59.07 59.73 60.48 59.78 60.46 60.26 60.18 60.11 60.89 60.93 61.34 61.33 62.36 62.21 63.15 64.06 64.64 64.77 64.5 64.26 64.63 64.77 64.68 64.24 64.22 64.64 64.28 64.27 64.47 64.19 63.88 63.8 64.07 63.63 63.8 64.15 63.58 63.55 63.77 62.69 62.46
FOXA 34.99 34.64 34.93 34.74 34.61 35.31 34.84 33.33 34.35 34.48 34.56 34.35 34.31 33.77 33.35 33.54 32.75 33.67 33.04 32.7 32.5 31.77 31.9 31.82 32.43 33.11 34.11 33.65 34.11 34.07 33.41 33.7 34.29 34.15 34.44 33.74 34.49 34.22 34.52 35.15 34.91 34.65 34.75 34.91 35.05 35.3 35.56 35.67 35.88 36.15 36.13 36.3 35.93 35.42 35.6 35.85 35.56 35.56 35.69 35.73 35.67 35.89 35.97 35.86 35.76
VIP 5.9 6.0 5.85 5.89 6.0 5.92 6.36 6.36 6.44 6.48 6.42 6.2 6.32 5.94 6.01 6.01 5.99 5.98 5.87 5.83 5.74 5.87 5.87 5.8 5.72 6.02 6.4 6.39 6.62 6.66 6.66 6.9 7.22 7.15 7.63 7.71 8.05 8.04 7.96 7.98 8.41 8.48 8.46 8.38 8.62 8.56 8.76 8.85 8.79 8.99 8.9 8.75 8.56 8.52 8.73 8.89 8.72 8.59 8.57 8.64 8.62 8.59 8.59 8.54 8.45
BRCM 41.79 41.15 41.21 41.35 41.01 41.5 41.75 41.55 41.8 41.88 40.69 40.33 40.42 39.86 39.7 39.37 39.37 37.33 36.3 35.77 35.31 35.46 35.41 35.42 36.05 38.13 39.14 38.34 38.94 38.87 38.84 39.34 40.42 40.65 40.61 40.32 40.18 39.98 40.28 40.89 41.44 40.93 40.43 40.28 40.38 40.71 40.62 40.2 41.04 40.71 40.12 39.94 39.35 39.38 39.2 38.5 38.81 38.97 39.21 39.16 38.91 38.89 38.13 38.01 37.71
ROST 82.56 82.79 81.93 82.31 81.41 81.88 80.77 80.44 81.24 80.72 80.83 80.07 80.32 80.62 80.5 80.08 79.39 79.58 78.4 77.19 76.72 76.46 77.84 76.87 77.53 76.17 76.44 75.1 75.79 76.97 75.81 74.99 75.58 75.46 76.01 74.83 75.72 74.17 74.59 75.5 75.67 75.49 75.49 74.95 75.16 75.48 75.3 75.51 76.26 76.84 76.87 76.11 75.77 75.42 75.23 75.15 74.35 73.82 74.37 69.25 69.87 69.31 66.62 65.55 66.1
WFM 46.73 47.48 47.49 48.05 46.81 44.85 39.99 39.8 39.95 39.33 38.77 38.6 38.8 38.45 37.71 38.03 37.66 37.95 37.2 36.94 36.87 36.92 37.07 36.72 36.7 37.23 37.8 37.43 38.49 38.21 37.53 37.85 38.11 37.56 37.67 37.58 38.34 38.14 38.8 39.17 39.79 39.38 38.19 37.57 38.1 38.51 38.63 38.35 38.81 39.52 39.13 39.05 39.09 39.14 39.19 39.8 38.49 38.49 38.55 37.92 38.19 38.76 38.75 38.53 38.56
CHKP 76.64 75.8 74.85 74.73 74.67 74.51 73.89 73.84 73.7 74.25 73.91 73.59 73.47 72.84 72.7 71.0 67.38 68.63 68.35 68.02 67.0 67.03 66.49 66.4 66.27 68.79 70.26 69.4 69.81 70.0 68.66 67.94 69.24 69.26 69.76 69.49 70.53 69.43 69.79 70.4 70.77 70.97 70.0 70.35 71.8 71.06 71.26 71.24 71.88 71.99 71.51 71.01 70.98 71.02 70.15 70.34 69.7 68.96 68.15 68.27 67.95 67.52 67.37 67.04 66.8
GRMN 55.93 56.06 55.81 55.58 54.7 54.94 55.6 55.84 55.7 55.48 54.14 53.96 57.2 56.61 55.26 54.23 53.6 53.85 52.82 52.24 52.61 51.86 50.78 49.35 49.77 49.72 51.19 50.06 51.23 50.45 49.89 50.99 51.99 51.87 51.86 50.75 51.24 50.75 51.53 52.1 53.06 53.07 53.74 53.62 53.53 53.08 53.77 51.71 53.56 53.27 52.44 53.56 53.92 54.33 54.12 54.59 57.46 57.69 57.64 57.4 57.07 56.11 56.0 56.07 55.75
ESRX 77.9 77.84 77.74 77.99 77.87 77.92 77.15 77.04 77.1 76.82 75.54 74.03 74.41 73.28 73.65 73.06 73.0 74.03 71.52 70.74 69.97 70.06 70.4 70.56 70.56 70.44 71.57 69.65 70.88 71.32 70.45 70.07 70.63 71.4 71.6 71.98 72.77 71.95 72.82 74.35 74.6 73.93 74.04 73.39 73.74 74.85 75.05 74.65 74.82 75.51 73.22 73.67 73.45 73.93 73.82 74.72 75.08 75.22 75.03 75.35 74.87 74.2 73.84 73.04 72.82
REGN 402.63 401.11 398.36 385.97 377.84 376.94 368.51 372.39 395.26 393.72 392.8 387.7 397.89 407.16 402.5 393.96 384.46 381.01 366.13 369.64 340.71 334.75 328.07 332.1 343.51 355.04 360.15 354.21 359.19 361.6 353.69 355.61 360.52 354.96 358.18 355.54 364.41 357.22 359.92 358.92 362.74 359.1 355.47 346.03 346.06 350.34 354.32 346.39 348.1 350.66 352.08 361.9 359.5 350.46 346.92 350.01 354.05 347.91 340.79 341.51 345.28 346.79 349.46 348.62 347.74
AMAT 22.62 22.49 22.54 22.63 22.43 22.59 22.61 22.08 22.21 22.09 21.34 21.48 21.25 21.04 20.99 20.9 20.49 20.78 20.07 19.88 19.87 19.43 19.34 18.92 19.83 20.87 21.15 20.37 20.6 20.74 20.53 20.96 21.61 21.75 21.74 21.51 21.96 21.63 21.94 22.55 22.6 22.45 22.37 22.05 22.3 22.93 22.37 22.46 22.67 22.76 22.54 22.9 22.93 23.11 22.8 22.63 22.23 22.12 22.17 22.2 21.9 22.05 22.1 22.48 21.15
CHTR 152.73 149.01 146.68 146.62 156.37 158.59 159.31 158.44 161.69 158.39 154.4 153.71 157.4 156.36 157.81 156.04 151.14 152.61 148.18 143.8 140.25 142.45 142.97 144.65 148.12 151.35 154.25 151.66 153.53 152.67 148.85 148.32 151.37 155.58 156.84 154.53 155.16 156.37 161.15 162.42 162.09 162.19 161.42 159.89 159.1 158.8 157.63 156.52 157.74 158.33 158.15 159.6 158.4 156.87 156.01 156.83 155.27 155.06 155.43 156.75 155.77 156.15 157.41 155.61 156.44
KLAC 79.44 79.73 80.19 80.51 80.0 80.83 81.28 80.03 79.95 79.15 76.36 76.3 76.1 75.06 75.9 71.0 70.3 71.38 69.56 68.44 68.23 67.46 66.42 65.61 68.07 73.65 75.84 75.51 76.0 76.25 76.65 76.54 78.78 79.85 80.06 79.53 80.52 80.0 80.09 80.77 80.86 79.57 78.28 77.33 78.28 78.64 78.67 78.57 78.65 78.31 77.6 77.72 77.15 76.42 76.33 76.43 75.97 75.51 74.98 75.14 74.7 74.96 74.37 74.07 73.04
DTV 87.5 87.38 86.93 87.27 87.4 87.48 87.82 87.43 87.28 86.79 85.38 84.44 84.02 83.99 84.15 84.43 85.14 86.22 85.26 85.02 83.88 83.63 84.86 85.05 86.21 86.6 87.7 87.36 87.89 87.7 87.34 86.59 86.52 86.66 87.09 86.39 86.81 86.83 87.27 87.72 87.25 87.21 87.02 86.94 86.85 87.0 86.65 86.62 86.82 87.26 86.65 86.51 86.71 86.45 86.09 86.15 85.46 85.47 84.55 84.82 84.98 84.66 84.19 84.21 84.44
AVGO 87.45 87.05 86.16 85.91 85.04 87.63 86.71 85.36 86.34 86.25 82.39 84.88 84.2 81.57 81.85 81.38 80.86 82.38 77.99 77.15 75.6 72.55 72.02 69.04 71.36 80.6 83.3 81.03 82.88 83.47 83.21 85.54 87.0 87.11 87.5 86.46 89.02 87.56 87.18 89.1 89.52 87.74 87.92 86.71 87.85 89.07 89.0 88.41 88.19 87.88 86.09 85.39 85.02 82.09 76.36 76.16 75.96 75.77 76.21 76.27 76.38 75.62 75.37 74.79 73.84
PCLN 1168.01 1161.0 1167.36 1120.02 1094.61 1097.75 1095.34 1097.7 1198.52 1206.21 1146.59 1144.22 1156.62 1134.26 1138.43 1130.98 1114.45 1132.97 1103.07 1077.27 1073.19 1058.75 1050.45 1040.7 1063.66 1102.19 1126.92 1109.15 1119.82 1141.46 1139.91 1137.66 1158.58 1161.05 1174.44 1164.03 1182.02 1166.35 1165.79 1186.12 1197.2 1173.8 1172.92 1153.59 1163.94 1176.85 1188.64 1177.08 1198.86 1195.02 1220.76 1234.4 1254.9 1244.31 1250.71 1260.77 1277.52 1277.01 1277.5 1265.05 1273.37 1271.78 1276.18 1270.12 1284.81
CTXS 65.85 66.24 66.67 66.81 66.32 65.99 64.41 64.67 64.41 64.23 63.73 63.04 64.09 63.29 63.59 61.84 64.78 66.0 65.18 64.54 64.01 64.94 64.94 64.72 65.66 67.27 68.15 67.53 68.8 69.6 68.94 68.82 71.34 71.01 70.51 70.16 71.58 70.57 70.52 71.64 72.68 71.48 71.57 71.65 71.97 72.2 71.64 71.1 71.66 70.83 70.67 70.67 70.56 70.26 69.73 69.98 69.85 70.05 70.09 70.1 69.49 69.51 69.63 68.95 69.12
SYMC 25.55 25.12 25.19 25.05 24.97 25.07 25.18 24.99 25.2 24.82 24.85 24.56 24.61 24.25 23.98 23.87 23.51 23.68 22.5 22.32 22.03 22.15 22.47 22.25 21.94 23.44 24.01 23.19 23.51 23.39 23.35 23.05 23.51 23.42 23.58 23.73 24.15 24.1 24.26 24.39 24.59 24.5 24.21 24.19 24.53 24.77 24.7 24.55 24.35 24.39 24.3 24.29 24.28 24.28 24.16 24.21 24.32 24.05 24.19 24.29 24.28 24.24 24.38 24.24 24.34
DISCA 32.86 31.86 31.99 32.26 32.62 32.9 34.47 33.31 35.67 35.35 35.94 37.02 37.24 36.52 36.61 35.97 34.89 36.24 34.65 34.65 34.19 34.45 34.31 33.91 35.07 35.79 37.16 36.2 36.85 37.0 36.27 36.31 37.8 37.71 39.0 38.09 38.1 38.22 39.35 40.5 39.97 39.95 39.46 39.35 39.66 40.37 40.97 40.91 42.44 43.44 43.5 43.46 44.01 43.72 43.76 43.78 44.09 43.91 44.3 44.76 44.83 44.43 44.39 43.49 42.77
PAYX 47.43 47.49 47.28 47.5 47.33 47.57 47.77 47.25 47.06 46.94 46.15 46.0 46.0 45.77 45.49 45.01 44.71 44.68 43.75 43.5 43.09 43.05 43.54 43.28 43.41 43.83 44.34 43.88 44.68 44.32 43.31 43.48 44.2 44.23 44.0 43.68 43.88 42.41 42.48 42.96 42.98 42.55 41.9 42.11 41.97 42.03 42.08 42.04 42.47 42.33 42.34 42.23 41.9 41.65 41.78 41.96 41.98 41.91 41.93 42.09 41.85 42.17 42.09 41.55 41.71
SIRI 3.51 3.49 3.51 3.49 3.46 3.45 3.49 3.48 3.48 3.43 3.38 3.35 3.33 3.35 3.37 3.37 3.33 3.38 3.33 3.27 3.28 3.26 3.25 3.19 3.17 3.28 3.41 3.36 3.4 3.42 3.39 3.42 3.49 3.5 3.51 3.48 3.53 3.48 3.52 3.57 3.64 3.63 3.61 3.59 3.61 3.62 3.62 3.57 3.58 3.6 3.6 3.64 3.64 3.63 3.6 3.59 3.56 3.59 3.58 3.58 3.57 3.56 3.55 3.55 3.55
DISCK 32.0 31.38 31.54 31.95 32.34 32.87 34.49 33.37 35.17 34.99 35.95 36.66 37.05 36.19 36.19 35.69 34.48 35.9 34.16 34.38 33.97 33.85 33.84 33.46 34.53 34.94 36.01 35.41 36.57 36.77 36.05 36.02 37.28 37.21 38.19 37.6 37.54 37.67 38.57 39.52 39.42 39.35 38.97 38.53 38.8 39.92 40.32 40.25 42.16 42.63 43.03 43.14 43.61 42.97 42.91 42.92 43.09 42.79 43.06 43.19 43.2 42.73 42.36 41.62 40.96
FFIV 126.15 125.76 126.57 126.59 126.66 125.21 125.42 125.64 124.37 122.98 121.78 117.12 120.25 115.59 114.9 114.57 112.74 116.61 112.88 113.7 109.74 110.3 109.82 109.11 107.11 115.31 119.03 117.91 122.16 122.65 118.71 117.08 118.74 119.16 121.04 119.71 122.08 120.52 122.2 124.84 127.64 125.44 125.82 123.87 125.08 126.12 125.19 123.03 123.83 123.71 123.0 123.91 125.73 124.19 123.66 123.66 123.86 121.55 121.64 122.09 122.57 120.02 116.57 114.01 114.68
ORLY 181.63 180.01 179.33 180.09 179.0 179.61 177.46 177.11 175.86 175.88 174.9 174.06 173.33 171.3 170.48 167.44 157.36 158.9 154.96 152.09 149.46 149.62 149.0 148.53 151.55 150.06 153.09 151.31 152.63 153.22 150.95 149.44 150.36 151.81 151.34 149.57 151.62 150.84 151.72 153.83 155.18 154.68 155.02 153.88 154.23 154.79 156.18 156.45 158.24 158.55 157.43 157.15 156.6 155.98 156.46 155.3 154.94 156.96 155.42 154.47 155.12 153.91 153.89 151.94 153.92
LVNTA 35.42 35.3 35.62 34.76 34.36 34.48 34.16 34.59 35.2 35.1 33.39 33.09 33.23 32.3 33.09 32.07 31.77 32.14 30.57 30.11 29.81 30.62 29.99 30.4 31.52 32.06 31.79 31.13 32.51 36.76 35.99 36.99 37.96 37.4 37.29 36.6 37.58 36.88 37.22 37.85 38.54 38.53 38.69 38.58 39.33 39.88 39.34 38.77 39.72 39.49 38.88 39.07 39.04 38.09 38.18 74.55 75.28 75.22 74.68 72.64 72.8 72.59 73.17 73.02 72.0
QCOM 70.65 70.29 69.64 69.36 69.26 70.58 77.2 77.11 78.24 78.51 77.37 76.89 76.57 75.84 76.0 75.14 74.3 75.0 73.27 72.43 71.14 71.2 71.86 70.71 71.22 74.08 75.19 73.51 74.72 74.86 73.66 73.88 74.77 74.82 75.06 74.81 76.24 75.83 76.29 75.53 76.44 75.83 75.71 75.08 75.33 76.11 75.93 75.84 75.9 75.81 75.11 74.89 75.06 76.1 76.34 76.97 77.01 76.59 76.82 76.77 76.44 75.13 75.03 74.41 74.76
YHOO 50.5 50.6 49.05 49.41 48.55 47.93 47.46 47.08 46.34 46.05 45.63 45.43 45.87 44.7 43.5 42.6 42.0 40.18 39.28 38.45 38.12 37.82 37.97 38.38 39.6 41.1 41.08 40.93 41.52 41.03 40.5 40.32 40.75 40.52 40.66 38.95 39.88 39.05 38.65 40.93 42.09 42.59 42.71 42.55 42.88 41.26 41.14 40.78 41.81 39.59 39.19 38.87 39.27 38.51 38.31 38.18 37.79 37.71 38.01 37.64 37.5 37.83 37.38 36.47 36.36
VOD 35.35 35.34 34.8 33.02 33.07 32.9 33.22 32.73 33.0 33.22 32.97 32.92 32.93 31.89 32.26 31.43 30.99 31.27 30.7 30.48 29.67 29.82 30.7 30.79 30.85 31.35 33.26 32.89 32.98 32.51 32.33 32.74 32.89 33.56 33.42 33.27 33.44 32.61 32.82 33.13 33.23 32.71 32.85 32.61 33.03 33.14 33.36 33.26 33.12 33.58 34.17 34.54 34.32 34.34 34.41 34.54 34.06 34.21 34.09 33.5 33.36 33.54 33.43 33.14 32.74
MU 32.94 32.91 33.2 33.09 33.01 33.35 33.71 33.37 33.51 33.09 31.82 32.28 32.61 32.3 31.06 30.89 30.57 31.19 29.69 28.77 28.3 27.54 27.39 27.03 27.79 30.64 32.32 31.87 32.57 33.94 33.81 33.5 34.26 34.5 33.83 31.7 32.22 31.2 30.6 31.63 32.48 31.98 31.45 30.02 31.53 32.04 32.09 31.98 33.14 32.94 32.12 31.68 31.51 32.6 32.81 32.99 32.88 33.21 33.29 33.19 33.3 32.4 32.04 31.49 31.04
MDLZ 38.23 37.92 37.77 37.9 37.76 37.84 37.15 35.03 35.41 35.26 35.16 34.93 35.29 34.73 34.37 34.11 33.89 33.23 32.94 32.62 32.1 32.67 32.8 32.98 33.49 33.65 34.39 33.92 34.42 34.25 33.84 33.75 34.27 34.2 34.45 34.74 35.27 34.63 35.03 35.67 35.81 35.42 35.54 35.43 35.32 35.75 35.6 35.53 35.32 35.69 35.5 35.82 35.74 36.19 36.29 36.24 36.07 36.15 35.85 36.16 36.2 36.17 36.04 35.78 35.7
GMCR 153.91 152.73 154.69 155.37 152.9 153.06 150.46 152.11 151.9 151.75 149.98 147.87 146.66 143.28 145.24 144.0 145.12 144.64 143.03 137.71 137.98 139.61 138.65 138.42 140.16 143.17 143.58 139.75 133.25 133.02 130.05 128.3 130.13 130.4 130.63 128.92 132.21 131.64 132.19 134.96 137.48 135.39 134.25 131.42 131.11 131.85 131.19 127.27 129.34 131.5 131.64 133.96 133.3 133.32 134.45 134.73 136.55 134.2 133.36 117.75 117.58 117.43 115.09 115.0 114.3
ALTR 34.86 34.94 35.02 35.19 35.23 35.15 35.35 34.81 34.75 34.37 33.5 33.72 33.65 33.33 33.16 33.74 33.03 33.71 33.03 32.52 31.68 31.53 30.86 30.83 31.21 32.64 33.69 33.16 33.65 34.31 34.84 35.08 35.78 35.93 36.02 35.64 36.26 36.02 36.08 36.48 37.07 36.67 36.25 35.07 35.49 35.9 35.88 36.2 36.28 35.92 35.56 35.4 35.38 35.34 35.14 34.86 34.64 34.6 34.89 34.87 34.65 34.49 34.15 34.03 33.65
AMGN 160.85 161.93 162.42 163.09 160.25 160.35 158.94 160.41 161.56 162.18 161.58 158.88 157.19 148.2 147.26 147.25 143.64 144.09 137.51 133.69 130.45 130.9 132.2 133.56 137.39 137.58 140.07 136.03 137.61 139.15 137.2 138.82 140.46 140.07 141.06 139.85 142.24 140.68 142.18 144.01 142.02 140.71 139.33 137.97 137.89 138.96 139.19 137.39 139.27 137.88 138.01 138.58 137.96 139.38 138.69 137.83 137.27 134.79 132.82 132.53 132.68 133.02 133.22 132.8 131.86
FB 74.25 74.72 74.61 75.0 75.6 75.26 74.83 75.76 73.88 74.99 74.11 75.86 80.77 80.28 80.67 80.04 78.37 78.69 76.95 75.95 72.63 73.21 73.59 72.99 72.91 75.91 77.52 76.29 77.56 77.44 77.08 76.55 79.04 79.0 78.79 77.22 78.54 78.29 76.8 77.91 77.0 76.43 76.08 74.58 77.48 77.92 77.43 76.67 77.89 77.26 75.95 75.83 76.68 74.82 73.86 74.63 75.96 75.02 74.57 74.57 74.81 75.29 74.59 73.63 74.3
COST 138.71 136.9 137.05 137.69 137.71 137.09 136.5 136.55 134.27 133.37 133.0 131.93 131.06 130.92 130.44 130.59 130.54 130.28 128.42 124.65 122.95 124.3 126.25 126.97 128.9 128.41 128.73 125.27 126.21 127.09 125.79 124.76 125.32 125.32 125.54 125.66 127.62 125.51 125.83 126.5 126.48 126.01 126.43 125.71 125.37 125.94 126.17 126.11 126.6 127.01 125.15 121.35 121.56 121.08 120.97 121.24 121.09 121.39 121.29 121.62 120.91 120.61 119.46 118.57 119.26
FISV 70.37 69.85 69.84 70.07 69.46 69.98 69.88 69.15 69.67 69.48 68.57 67.69 67.26 66.12 66.04 65.09 64.18 64.55 62.91 62.77 61.71 61.73 62.97 62.36 62.92 63.67 64.8 63.19 64.5 65.14 64.35 64.32 64.64 64.53 64.35 64.01 65.48 64.48 64.93 65.7 65.54 65.15 65.18 65.02 64.94 65.28 65.29 64.99 65.49 65.62 65.24 65.05 64.65 64.47 64.35 64.17 64.44 64.53 64.23 64.22 64.3 63.92 63.52 62.72 62.37
WYNN 182.63 180.29 180.35 177.89 177.18 178.71 179.74 185.26 189.51 190.01 187.65 185.93 185.25 183.67 184.72 183.49 182.42 184.59 181.66 182.45 182.07 174.31 173.84 173.44 176.71 178.07 183.29 180.28 183.79 182.28 181.76 182.3 187.08 178.99 184.5 181.96 185.95 182.83 181.28 185.28 187.83 183.1 179.87 180.72 182.53 186.1 182.28 184.26 184.71 185.66 184.77 185.24 185.05 192.88 196.79 196.2 199.28 200.46 200.12 200.51 202.53 203.36 202.9 201.33 202.23
ADSK 59.31 58.98 58.99 59.4 59.42 59.2 58.32 58.24 57.77 57.54 57.37 55.96 56.1 54.77 54.45 53.55 52.25 52.8 51.82 50.79 49.89 50.52 50.13 51.94 53.72 56.07 57.08 56.59 58.18 58.12 57.74 55.66 55.1 55.04 54.28 54.43 55.66 54.95 54.88 55.61 55.73 54.89 54.75 53.73 53.54 54.13 53.37 53.64 54.37 54.18 54.18 54.36 53.46 53.64 54.0 53.78 54.24 53.54 53.46 53.78 53.59 53.75 53.79 52.66 56.28
MSFT 49.61 48.78 48.87 48.89 48.68 48.7 47.86 47.57 47.44 46.95 46.05 46.62 46.49 45.91 46.13 45.02 44.38 44.88 44.08 43.63 42.74 43.22 43.73 43.65 44.03 45.85 46.78 45.53 46.09 46.09 45.76 45.9 46.36 46.44 46.41 46.04 47.08 46.56 47.06 47.52 46.68 46.52 46.76 46.24 46.7 47.0 46.84 46.76 46.47 45.91 45.26 44.96 45.09 45.43 44.88 44.87 45.01 45.17 45.15 45.22 44.95 45.33 45.11 44.79 44.27
DLTR 61.99 61.82 61.51 61.85 61.56 62.11 61.13 60.85 60.89 60.57 59.52 58.8 58.98 58.8 58.94 58.51 57.56 58.13 57.34 56.58 55.05 55.24 55.88 55.48 56.05 56.7 57.22 56.57 56.57 56.87 55.75 55.29 56.07 56.06 55.74 55.54 56.15 55.79 56.76 57.01 57.11 56.2 55.73 55.61 55.92 55.68 55.82 55.91 55.54 55.61 55.02 54.98 54.46 53.63 53.95 53.56 53.51 53.86 54.27 54.28 55.0 54.71 54.26 55.61 55.93
SNDK 94.98 92.83 92.68 93.26 92.83 93.48 93.95 93.3 94.42 94.14 90.31 90.89 90.87 89.25 88.76 88.46 86.59 88.63 84.38 82.8 85.31 84.35 83.67 82.81 86.07 89.99 93.37 91.56 93.08 95.63 94.32 95.11 97.95 99.68 99.21 96.99 99.98 98.98 98.78 101.12 103.22 100.22 100.04 97.34 98.97 99.09 100.0 100.08 99.87 98.79 96.23 95.73 95.64 97.96 98.3 98.84 98.54 99.03 98.0 97.65 97.68 95.3 94.27 94.03 93.21
FAST 44.33 44.65 44.43 44.44 44.53 44.91 44.44 44.22 44.01 44.04 43.21 43.01 43.41 42.54 42.67 42.22 41.5 42.59 41.4 41.09 40.78 40.98 41.1 41.25 42.54 44.7 45.82 44.81 45.98 45.76 45.48 44.52 44.9 45.2 45.5 45.02 46.13 45.38 45.65 46.24 46.31 45.78 45.82 45.8 45.8 46.1 46.47 46.29 46.59 47.01 47.17 45.36 45.18 45.28 45.22 45.31 45.73 45.77 45.62 45.6 45.34 44.95 44.72 43.82 44.91
BBBY 71.17 71.24 69.98 69.71 69.88 69.84 68.16 67.66 67.59 67.34 66.94 65.86 66.3 65.79 65.24 65.71 65.14 65.45 64.16 63.1 62.4 63.42 63.52 63.48 65.2 66.32 66.84 65.98 66.11 65.96 65.1 64.94 65.83 66.2 66.7 66.08 67.33 62.69 63.69 63.85 63.99 64.69 65.52 65.13 65.11 65.25 65.69 64.93 64.82 65.51 65.06 64.42 64.16 64.26 64.31 64.53 64.2 64.34 64.03 63.74 63.72 63.25 62.39 61.91 62.55
EXPE 86.49 87.11 86.46 86.0 85.12 84.06 83.05 83.89 85.93 84.97 80.73 79.54 80.6 80.38 81.53 79.84 79.01 80.31 77.25 74.57 75.08 74.1 74.75 76.34 81.0 83.83 85.38 84.73 86.57 85.47 83.37 84.78 87.62 86.58 85.9 84.68 85.94 83.93 83.51 85.16 85.91 85.35 86.21 85.16 86.55 87.17 87.04 85.93 87.76 87.86 87.94 88.4 88.29 85.9 86.4 86.5 87.43 87.8 87.24 86.99 86.15 86.34 86.04 85.37 84.93
EXPD 43.9 43.91 44.26 44.3 44.25 44.02 43.47 44.39 42.7 42.66 41.74 41.97 42.13 41.29 40.92 40.93 40.42 40.84 39.86 39.6 39.21 39.55 39.22 38.21 38.35 38.57 39.46 39.38 40.38 40.39 40.19 39.74 40.58 40.9 40.98 40.7 41.45 41.14 41.39 42.35 42.35 42.26 42.13 41.98 42.41 42.5 41.99 41.96 42.04 42.6 42.16 41.84 41.66 41.3 41.19 41.54 41.64 41.78 41.42 41.04 41.23 41.54 41.33 40.6 41.14
QVCA 28.28 27.9 27.76 27.81 27.7 27.87 28.13 25.77 26.25 26.14 25.82 25.66 25.65 25.41 25.31 25.2 24.86 25.41 24.71 24.1 23.79 23.7 27.74 27.23 27.8 28.87 29.43 29.55 29.92 28.13 27.88 27.9 28.52 28.29 28.35 28.27 28.62 27.87 28.38 28.99 28.87 28.93 28.8 28.73 28.92 29.34 29.41 29.57 29.87 30.16 29.75 29.57 29.65 29.52 29.29 29.45 29.49 29.49 29.53 29.26 28.93 28.76 28.84 28.38 28.46
LLTC 43.04 43.11 43.23 43.64 43.36 43.43 43.97 43.34 43.15 42.84 41.31 41.46 41.05 40.82 40.89 40.92 40.27 40.88 39.59 39.09 39.49 38.69 39.03 38.81 39.28 41.3 42.5 41.17 42.27 42.47 42.72 43.11 44.39 44.73 44.43 44.18 45.02 45.04 45.2 45.46 45.89 45.18 44.76 44.44 44.63 45.34 45.51 45.53 45.49 45.35 45.31 45.1 44.87 45.11 45.03 44.74 45.05 45.16 45.49 45.29 45.47 45.14 44.63 44.73 44.47
ADP 85.41 85.21 84.95 85.12 84.38 84.75 84.3 83.15 81.74 81.78 78.95 77.92 77.26 76.47 76.2 75.44 74.61 74.81 73.35 72.68 71.63 71.78 72.64 71.95 72.66 73.19 74.78 73.52 74.52 74.85 72.5 71.42 83.08 82.81 82.59 82.36 83.93 82.61 83.09 83.88 84.19 83.35 83.41 83.46 83.02 83.2 83.61 83.61 84.09 84.34 83.81 83.78 83.69 83.48 83.5 83.67 83.82 83.62 83.49 83.89 83.57 83.43 83.25 82.27 82.39
GILD 104.2 106.9 108.01 107.02 106.45 106.94 106.05 109.72 109.98 112.0 114.22 110.72 113.45 112.59 110.71 107.18 106.09 106.67 102.21 100.75 96.88 96.16 97.18 101.44 103.73 105.85 108.87 104.29 105.13 106.52 104.56 105.59 106.45 107.51 108.38 107.34 108.71 105.39 105.47 105.96 105.93 103.84 104.76 100.99 103.66 106.39 108.22 105.89 106.53 105.36 106.86 109.43 109.36 107.56 107.51 107.41 106.27 107.45 103.96 102.27 100.79 101.28 100.72 99.49 96.36
CA 29.81 29.63 29.58 29.93 30.05 29.68 29.47 29.38 29.17 29.06 28.63 28.49 28.63 28.09 28.43 27.75 27.41 27.56 26.61 26.35 25.82 25.74 25.73 25.52 25.9 26.58 27.05 26.81 27.43 27.46 27.18 27.13 27.94 27.64 27.89 27.93 28.42 28.35 28.21 28.48 28.78 28.58 28.56 28.29 28.5 28.84 28.83 28.88 29.27 29.22 29.34 28.78 28.65 28.24 28.12 28.18 28.31 28.21 28.24 28.19 28.27 28.3 28.42 28.36 28.4
ILMN 185.0 186.92 188.04 188.27 186.35 189.87 186.37 191.41 194.33 192.58 193.42 188.88 190.65 191.31 189.12 185.84 184.82 179.55 164.47 164.91 160.23 153.59 149.12 150.02 153.92 159.21 163.3 157.97 163.12 163.29 159.54 158.7 163.92 165.22 165.44 163.88 168.64 167.27 170.47 172.26 177.92 177.0 173.02 168.1 172.75 177.14 178.14 175.15 180.19 178.75 177.2 177.78 179.73 179.36 179.08 179.94 179.45 177.91 172.0 172.09 172.96 170.49 172.28 168.57 168.01
TRIP 69.02 70.38 69.99 72.89 73.65 74.01 71.95 83.79 85.21 88.66 86.31 87.38 88.82 86.93 88.25 87.63 85.92 88.09 83.54 81.05 79.52 78.89 78.97 79.64 82.59 85.91 88.54 86.96 88.92 88.63 88.39 89.49 91.42 90.8 92.15 91.19 94.33 92.95 94.29 98.37 97.95 96.01 95.8 95.22 99.32 98.5 98.03 96.37 99.23 98.26 98.29 98.28 99.44 99.09 99.37 101.78 104.51 103.79 101.99 97.9 98.15 97.37 97.96 97.1 96.97
ADI 50.21 50.26 50.14 50.42 50.24 50.22 50.03 49.45 49.72 49.62 47.0 47.31 46.99 46.62 46.85 46.42 46.02 46.72 45.32 44.94 44.6 44.12 43.46 43.1 43.45 46.34 47.75 46.21 47.15 47.58 47.8 48.25 49.49 49.81 50.03 49.64 50.0 49.67 49.92 49.99 50.29 49.63 49.2 48.87 49.12 49.76 49.64 49.8 50.07 50.22 50.41 50.25 50.62 51.12 51.29 51.03 52.21 51.93 52.5 52.54 52.17 51.72 51.34 51.18 50.74
CHRW 73.11 72.86 71.75 72.17 71.46 71.6 71.45 70.12 68.69 69.21 69.22 72.1 72.34 71.7 71.15 70.61 69.53 69.93 68.99 67.98 66.86 67.1 65.58 63.45 64.62 65.2 66.28 65.43 66.73 67.24 66.1 65.19 66.32 66.45 66.35 65.56 66.69 66.44 66.74 67.82 68.23 68.08 67.2 67.05 67.17 66.99 66.73 66.91 67.51 67.76 67.33 66.9 68.37 68.26 68.06 68.22 68.45 68.56 68.45 68.62 68.66 68.63 68.15 67.17 67.22
TSCO 73.95 73.89 73.35 73.64 74.56 74.4 73.36 72.48 73.42 73.22 72.3 72.44 73.61 71.86 71.67 71.0 61.3 61.46 60.42 58.83 58.53 57.57 57.7 57.17 57.15 58.31 59.23 59.35 61.41 61.98 60.96 60.35 61.51 61.43 61.86 60.65 61.62 60.01 60.3 61.02 61.45 60.87 60.73 60.19 61.05 61.82 61.62 63.53 64.55 65.82 65.83 66.73 67.16 66.95 67.15 66.51 66.78 65.27 64.56 63.53 63.25 62.32 61.86 61.3 62.03
NTAP 41.09 42.31 42.27 42.15 42.3 43.17 43.2 43.02 43.07 42.8 42.11 41.38 41.5 40.55 40.72 40.3 39.66 39.27 38.54 38.82 38.4 38.81 38.53 38.22 38.91 39.57 40.24 39.85 40.99 41.57 41.38 41.33 42.96 42.44 42.17 42.17 43.38 43.07 43.0 43.0 43.4 43.05 42.97 42.87 42.5 42.47 42.15 42.04 42.16 42.21 41.91 42.1 42.04 42.16 41.99 41.56 41.42 41.19 41.0 40.92 40.97 40.83 41.11 41.36 41.35
VIAB 71.2 69.25 69.53 70.09 70.63 70.79 70.48 69.63 72.83 72.68 72.72 73.0 72.93 71.89 71.61 71.47 70.43 71.84 69.0 69.31 68.23 68.2 68.98 68.22 70.44 72.06 74.61 73.78 74.55 75.09 74.6 75.22 76.94 76.82 77.17 76.97 78.13 77.51 79.42 80.87 80.46 79.48 80.01 79.28 79.52 79.92 80.24 79.2 80.87 81.36 81.09 80.86 81.46 81.15 80.77 80.81 80.44 80.51 80.7 80.75 81.23 81.22 82.16 81.48 80.82
BIDU 244.09 249.82 250.34 247.58 236.54 236.9 237.7 241.96 236.54 238.77 237.01 224.55 228.96 219.92 222.55 217.03 219.26 222.35 216.62 211.73 211.22 205.73 199.07 199.68 203.35 213.0 217.54 215.63 217.2 216.45 214.8 212.03 218.23 220.47 219.02 217.55 221.97 214.79 214.86 224.93 228.45 219.08 215.57 210.73 217.96 220.02 220.68 221.23 225.46 226.7 224.2 227.45 224.8 214.52 213.81 215.46 216.08 216.8 214.19 216.84 219.02 218.21 219.24 218.85 219.58
EBAY 54.37 54.06 54.19 53.89 53.52 53.26 53.59 53.27 52.7 52.5 51.55 51.33 51.2 51.19 51.12 50.79 50.13 50.86 49.2 47.95 47.88 50.24 50.59 50.46 51.86 52.86 54.51 52.97 53.55 54.44 54.86 55.46 56.63 52.66 52.93 52.15 52.93 52.74 52.47 52.4 52.7 51.95 51.61 50.96 52.19 50.68 51.1 52.73 54.23 53.9 54.44 54.55 54.88 55.5 55.43 55.92 56.25 55.49 55.5 55.89 53.4 53.75 53.11 52.64 52.93
SBUX 77.89 77.85 77.73 77.65 77.79 77.45 76.66 76.71 76.1 75.56 77.32 76.54 77.05 75.97 75.81 74.84 74.6 74.36 74.7 73.54 72.64 72.38 72.74 72.19 74.46 74.48 75.26 74.05 75.15 75.89 74.45 74.61 75.46 75.27 75.17 74.12 75.32 73.96 74.6 76.07 75.73 75.34 75.09 74.92 75.47 76.12 77.21 77.12 77.67 77.95 77.16 76.79 77.48 77.81 77.81 77.92 77.79 77.97 77.28 77.47 78.03 78.12 77.59 76.91 76.62
CMCSA 54.3 53.6 52.96 52.95 55.15 55.38 55.09 54.63 55.6 55.35 54.35 54.9 54.73 54.05 54.26 53.22 51.49 52.19 51.3 50.68 49.59 50.85 51.47 51.64 52.62 53.32 54.77 53.22 53.39 53.65 52.84 52.93 53.78 54.16 54.24 53.94 54.86 54.97 55.86 56.74 56.85 57.09 57.23 57.02 57.08 56.98 56.91 56.61 55.88 55.7 54.88 54.87 54.78 54.72 54.52 54.56 54.56 54.65 54.18 54.44 54.64 54.5 54.73 54.63 54.37
NVDA 19.55 19.65 19.78 20.02 19.79 20.22 20.13 20.13 19.87 19.54 18.69 18.81 18.93 18.49 18.48 18.29 17.89 18.32 17.57 17.42 17.45 17.44 17.18 16.79 16.85 17.91 18.26 17.93 18.12 18.23 18.19 18.27 18.45 18.52 18.55 18.51 18.92 18.81 18.89 19.08 19.44 19.15 19.14 18.86 19.12 19.41 19.61 19.54 19.79 19.97 20.03 19.68 19.5 19.45 19.39 19.23 19.45 19.11 19.08 19.07 19.25 19.37 19.3 19.04 18.8
ADBE 71.72 71.41 71.7 71.7 71.6 72.1 71.37 71.07 69.91 70.12 68.57 67.93 68.37 67.03 67.01 65.92 65.04 66.43 64.68 64.52 62.86 62.19 60.88 61.68 63.29 65.66 67.99 65.96 67.67 68.4 67.06 67.54 69.19 69.22 68.36 67.71 69.03 67.79 67.2 66.94 67.91 67.3 70.73 70.27 70.98 72.42 72.33 72.42 73.39 73.13 72.46 72.43 72.1 71.9 71.37 71.55 71.53 71.82 72.04 71.73 71.02 72.05 71.06 70.07 70.05
LBTYA 47.19 47.4 46.46 45.74 46.6 45.87 44.91 44.73 45.5 45.47 45.49 45.26 45.78 44.73 44.92 43.89 42.77 43.58 42.73 42.15 41.75 41.29 41.5 41.39 41.9 42.55 43.22 42.43 42.82 42.65 42.59 42.51 42.54 43.24 43.56 42.95 44.16 43.49 43.72 44.36 43.5 43.31 43.49 43.72 43.91 43.86 42.11 41.63 41.38 41.82 42.1 42.37 42.99 43.67 44.1 43.75 43.21 42.76 43.11 43.74 43.66 43.84 43.91 43.76 43.33
TSLA 251.7 249.1 251.08 241.93 240.2 241.22 230.97 238.93 242.59 241.7 238.66 238.1 242.77 221.67 235.24 235.29 231.1 235.34 230.47 227.48 226.35 229.7 227.06 224.59 236.91 257.01 259.28 259.57 260.62 255.21 251.42 240.24 242.68 245.26 246.6 246.95 252.14 250.41 250.03 259.32 263.82 261.38 260.74 253.86 279.2 280.31 281.1 278.48 282.11 277.39 286.04 281.19 284.12 269.7 263.86 263.25 261.74 262.55 256.78 254.34 255.71 256.76 259.94 262.01 261.38
KRFT 57.63 57.46 57.88 57.91 57.87 58.27 57.66 57.12 56.79 56.35 56.16 56.91 57.25 56.92 56.83 56.54 56.56 56.44 55.88 54.99 54.39 54.53 56.04 55.4 55.87 56.23 56.6 55.57 56.31 56.3 55.83 55.83 56.4 56.29 56.37 56.21 56.81 56.05 56.69 56.91 57.44 57.32 58.35 57.87 57.72 58.4 58.16 58.09 58.21 58.82 58.42 58.6 58.55 58.9 58.48 58.41 58.45 58.09 57.22 57.26 57.08 57.28 57.25 56.75 56.91
MXIM 29.3 29.45 29.49 29.71 29.6 29.67 29.75 29.33 29.54 29.34 28.4 28.87 28.93 28.52 28.74 27.66 27.27 27.6 26.66 26.26 25.99 25.78 25.98 25.94 26.12 27.87 28.97 28.41 29.22 29.68 29.65 29.64 30.24 30.51 30.67 30.36 30.73 30.53 30.57 30.96 31.42 30.91 30.85 30.41 30.39 30.6 30.84 31.14 31.08 31.3 31.37 30.82 30.76 30.89 31.14 30.85 30.91 30.84 31.05 31.02 30.96 30.75 30.8 30.74 30.59
DISH 64.67 63.82 63.79 63.67 63.71 63.66 63.05 63.26 63.81 63.65 62.29 61.95 61.43 61.35 62.2 61.0 59.73 60.66 58.7 58.53 57.96 58.86 58.86 59.61 61.63 63.45 64.22 63.71 64.65 65.16 63.58 63.6 64.58 65.01 64.92 63.47 63.97 63.0 63.47 64.98 65.54 66.71 65.54 65.74 65.96 66.3 65.76 65.88 66.1 66.44 65.84 65.88 66.0 64.81 64.73 64.58 64.1 64.42 64.82 65.35 64.31 64.55 65.04 64.77 64.36
PCAR 66.45 66.9 66.52 66.83 66.95 66.57 65.95 65.39 65.39 65.32 63.85 63.35 62.95 61.29 61.4 60.58 59.35 59.4 57.92 58.4 58.05 57.07 57.07 55.59 56.48 57.4 58.75 56.77 58.31 57.91 57.06 56.21 56.88 57.2 57.57 57.73 58.64 58.45 59.29 59.78 60.08 59.65 59.2 59.54 60.14 60.67 60.55 60.82 61.47 61.61 62.32 62.29 62.74 62.81 62.69 62.67 62.73 63.16 62.75 63.32 64.3 63.55 63.45 62.19 62.32
TXN 51.18 51.28 51.32 51.56 50.9 50.91 51.13 50.4 50.08 49.66 47.53 48.33 48.5 47.95 47.57 47.0 46.62 46.77 44.41 43.67 43.59 42.76 42.31 41.93 42.74 46.02 46.94 46.01 46.63 46.82 46.84 46.88 47.69 48.26 48.33 48.14 48.81 48.66 48.66 48.75 48.98 48.37 47.92 47.59 47.83 48.15 47.99 48.28 48.49 48.58 48.25 48.35 47.91 48.18 48.02 47.78 47.49 47.37 48.02 48.17 47.88 47.69 47.56 47.56 47.26
MNST 108.16 107.91 107.01 107.76 108.39 100.48 99.17 100.04 101.23 100.88 99.1 98.65 97.45 97.89 97.89 97.63 98.19 98.36 95.33 92.11 90.83 91.42 94.48 92.92 94.84 95.47 96.47 92.43 92.37 92.03 90.55 90.53 91.67 91.33 90.53 89.53 91.68 90.53 92.38 89.78 90.44 90.82 90.59 90.0 89.89 90.96 91.61 89.69 89.91 89.22 88.83 90.35 89.77 88.41 88.16 86.55 87.01 86.4 86.37 87.5 88.49 89.04 88.44 93.49 71.65
BIIB 317.98 321.02 324.59 327.87 320.75 323.47 319.55 322.06 321.25 321.08 321.0 315.06 318.03 319.98 321.67 316.06 309.07 326.77 311.41 306.71 302.74 305.69 301.58 301.74 315.14 319.19 324.59 315.92 325.07 327.09 319.84 323.5 330.81 330.16 333.54 333.4 346.3 332.24 329.76 329.24 329.99 327.58 326.88 320.12 323.39 327.11 332.08 326.83 331.31 330.48 334.83 344.12 342.68 343.04 341.24 343.36 342.99 342.7 339.97 338.65 342.58 345.84 344.6 342.47 337.01
ATVI 20.34 20.41 20.61 20.92 20.65 20.58 20.83 19.95 20.3 19.95 19.58 19.04 19.23 18.99 19.17 19.06 19.04 19.24 18.87 18.85 18.99 18.72 18.21 18.42 18.71 20.08 20.64 20.13 20.64 20.71 20.41 20.59 20.79 20.91 21.25 21.01 21.21 21.28 21.69 21.82 21.77 21.44 22.21 22.31 23.39 23.87 23.81 23.73 23.86 24.02 23.79 23.95 23.74 23.54 23.35 23.19 23.01 23.04 23.13 23.16 23.08 23.01 23.27 23.36 23.31
CELG 107.43 108.25 107.85 108.01 106.45 107.14 105.15 105.75 107.41 107.09 106.94 105.14 105.7 103.1 103.24 100.4 94.76 94.97 92.0 88.12 86.38 86.55 86.48 87.48 90.93 92.38 94.89 92.45 94.5 95.21 92.81 93.43 94.78 95.64 94.46 93.16 96.21 93.12 92.19 93.85 93.27 92.26 92.57 89.46 91.52 91.96 94.09 92.93 94.03 93.79 93.93 94.94 95.09 95.02 94.7 94.74 95.66 93.4 91.62 91.66 92.0 91.36 91.31 89.61 88.46
GOOG 545.38 547.31 550.29 547.49 541.01 542.04 545.92 554.11 555.22 559.08 550.31 549.33 548.9 540.77 539.78 543.98 532.71 526.54 520.84 511.17 524.51 530.03 537.94 533.21 544.49 560.88 572.5 563.74 577.35 575.28 570.08 568.27 577.36 576.36 577.1 575.06 587.99 581.13 587.37 596.08 589.27 584.77 579.95 573.1 575.62 581.35 583.1 581.01 589.72 586.08 581.98 577.94 577.33 571.6 569.2 571.0 577.86 580.2 582.56 583.37 584.49 586.86 582.16 573.48 574.65
AKAM 60.45 60.78 61.05 61.07 60.14 59.63 59.02 59.63 59.72 60.3 59.83 56.21 57.15 55.29 55.28 54.53 53.95 55.01 53.99 53.84 53.38 54.63 55.65 55.55 56.55 58.25 59.07 57.65 59.15 59.74 58.09 58.24 59.8 59.74 59.83 59.51 61.51 60.64 61.41 62.42 64.35 62.31 62.16 61.35 62.47 62.32 62.05 61.17 61.82 61.54 60.42 60.37 60.69 60.42 60.02 60.5 60.56 60.49 60.42 60.86 60.95 60.89 60.7 59.66 59.01
INTC 33.68 33.38 33.31 33.26 33.58 33.82 33.76 34.54 34.31 34.01 32.58 33.92 33.74 33.2 33.18 32.69 32.27 32.61 31.58 31.38 30.85 31.28 32.14 31.47 31.91 33.62 34.27 33.47 34.11 34.03 33.52 33.99 34.82 34.9 34.26 34.14 34.75 34.42 34.71 34.82 35.17 34.98 34.93 34.54 34.62 35.02 35.02 34.91 35.33 35.0 34.91 34.57 34.57 34.92 34.65 34.79 34.8 34.81 34.94 35.15 34.5 34.34 34.41 34.17 33.94
INTU 90.44 89.62 90.71 89.88 88.81 89.13 88.73 88.45 88.34 88.01 86.83 85.88 86.33 85.01 84.96 83.53 81.96 83.37 81.04 81.03 78.64 79.5 79.39 79.68 80.17 81.81 83.8 82.47 84.66 85.26 84.52 85.72 87.65 87.78 86.05 84.85 86.69 85.42 85.52 86.72 85.66 84.31 83.78 83.62 83.99 85.16 84.58 83.45 84.16 83.98 82.26 82.12 82.88 83.18 83.36 82.66 82.64 82.9 83.57 85.81 85.27 85.39 84.43 83.72 83.81
ALXN 193.59 193.69 194.92 195.8 193.81 193.14 189.89 191.3 191.04 191.36 192.93 190.49 192.2 190.55 190.29 185.92 173.27 174.48 168.2 164.75 163.25 160.73 159.46 162.77 167.8 170.3 176.42 167.96 173.66 177.98 167.86 167.2 165.82 167.95 167.65 165.86 168.7 158.67 159.59 161.44 161.56 161.53 163.41 160.42 162.72 166.95 165.65 161.37 164.16 165.3 165.64 169.96 169.14 169.29 168.31 169.17 172.27 170.56 168.22 166.47 168.74 169.76 170.24 171.3 168.9
STX 62.11 62.32 61.81 61.77 61.56 62.53 63.75 63.89 64.17 62.83 60.15 60.23 59.47 58.74 58.36 56.52 54.28 55.21 53.85 52.95 52.38 51.96 52.56 52.98 54.94 56.23 57.06 55.25 56.16 56.08 55.52 55.08 57.27 57.25 56.77 56.26 57.44 56.79 57.6 58.31 59.79 58.98 59.25 58.84 61.01 60.87 61.26 60.83 61.29 61.32 60.96 61.7 61.82 62.58 62.09 61.18 60.66 60.96 60.37 60.43 59.83 59.59 59.22 58.75 58.39
ISRG 516.1 513.24 514.34 508.99 500.02 508.65 505.37 496.0 495.84 495.8 490.0 487.42 491.69 477.71 478.01 485.53 481.81 495.77 485.26 470.24 456.51 460.14 461.31 465.07 470.05 476.35 489.85 482.26 486.55 475.21 469.64 462.8 461.82 464.72 460.3 457.54 465.75 456.12 457.09 469.53 475.54 473.53 474.68 468.78 480.73 470.0 473.54 466.81 466.78 465.38 464.71 473.71 474.06 470.01 465.57 471.11 478.68 470.54 471.74 471.89 467.5 473.17 464.31 459.14 460.39
EQIX 221.97 222.19 222.0 218.03 214.03 214.87 212.85 210.74 210.82 208.9 207.37 192.43 193.01 191.96 194.87 197.73 200.46 207.05 203.68 206.38 192.24 193.4 196.26 192.9 194.12 200.7 206.69 202.33 206.52 208.77 204.66 206.4 212.48 212.07 209.71 206.26 210.09 209.26 214.24 217.48 219.11 216.74 216.61 215.65 216.73 217.15 217.77 216.71 218.92 219.32 218.66 219.26 219.45 218.26 216.19 217.38 217.25 221.69 222.8 223.58 220.38 220.7 219.88 216.95 217.63
CERN 64.53 63.82 63.06 63.42 63.01 63.88 63.2 63.48 63.26 63.34 62.65 62.29 63.31 62.63 61.12 59.7 58.3 59.18 58.32 57.19 56.65 57.03 56.98 56.89 57.33 58.11 59.22 58.04 59.24 59.8 59.14 58.38 59.57 59.69 58.66 58.5 58.99 58.48 58.61 58.52 58.92 58.68 58.57 58.39 58.75 59.36 59.61 59.52 59.88 59.47 58.99 58.91 58.06 57.66 57.0 57.0 57.12 56.76 56.56 56.58 56.65 56.32 55.92 55.49 55.8
CSCO 25.68 25.11 25.15 25.15 25.33 25.26 25.15 24.88 24.58 24.47 24.08 24.1 24.07 23.76 23.78 23.57 23.26 23.51 22.93 23.25 22.82 22.96 23.06 22.93 23.34 24.19 24.66 24.64 25.01 25.31 25.06 25.03 25.17 25.12 25.0 24.54 24.98 24.7 24.97 25.2 25.22 25.21 25.22 25.06 25.16 25.18 24.93 24.86 24.95 25.0 24.91 25.04 24.88 24.99 24.85 24.8 24.81 24.7 24.65 24.89 24.71 24.64 24.63 24.43 24.54
